#C01                                 C02                                 C03                                 C12                          C13                      C14
6089.938        -0.00447        6265.635        -0.003354        757.7399        -0.01643053        9526.006        -0.00576        9948.297        -0.02191674     0        0
42169.97        0.1318692        41401.7        0.4619106        89111.92        0.08652663        95804.33        0.1345875        93776.78        0.1251407    0        0
67941.33        0.2385698        76538.7        0.9016812        143106         0.2810006        124040.9        0.2371726        129703.3        0.3299697    0        0
90276.63        0.4460439        98288.85        1.258601        170921.2        0.5269531        150708.8        0.4099481        152157.3        0.5085395    0        0
112611.9        0.641662        115020.4        1.449807        200372.6        0.5498327        167964.4        0.5395294        171617.5        0.5873196    0        0
136665.2        0.8550638        141790.9        1.456181        272364.9        0.3210394        204044.4        0.5179329        209040.9        0.4034984    0        0
148691.8        0.9439808        173580.5        1.213989        355810.4        0.2524016        244830.5        0.3505565        253949.1        0.2039213    0        0
164154.8        0.8491356        243852.9        0.2898257        422894         0.2466817        312284.5        0.2371726        322808        0.08837631    0        0
195080.5        0.641662        349261.6        -0.8127962        471979.6        0.229522        398562.8        0.193979        394661.1        0.0621159    0        0
222570          0.4282603        377705.9        -1.016746        539063.3        0.1723241        500528        0.1831808        476992.6        0.03585604    0        0
263804.3        0.2326421        411168.7        -1.029494        565242.3        0.1837633        535039.5        0.1291884        539863.9        -0.0009083061    0        0
327373.8        0.1259409        437938.7        -0.8701561        627417.3        0.2524016        577394.3        0.1291884        577287.5        0.06736787    0        0
420151.1        0.07851887        488133.3        -0.4176356        668322        0.2180827        652691.6        0.1021922        616207.7        0.01484761    0        0
504337.8        0.1081579        534981.6        -0.1308269        717407.6        0.1551644        724851.7        0.07519595        738956.7        0.004343665    0        0
588524.5        0.01331264        596888.2        0.1177403        782855.1        0.2066429        792305.6        0.08059508        813803.4        0.0621159    0        0
634913          0.1200132        632024.5        0.1878491        805761.8        0.2638409        855053.4        0.05359888        890147.2        0.1251407    0        0
715663.6        0.1377969        672180        0.1814755        856483.6         0.2123628        933488.2         0.02120355         960503.3         0.4034984    0        0
779233.1        0.2148585        749145        0.3790546        944837.6         0.08080672         993098.8        0.1777816        988945           0.6555964    0        0
858265.6        0.2326421        817744.3        0.6212488        989014.7        0.1551644            1e6           1.5             1e6           1.5     0        0
909808.5        0.4697552        859573.1        0.7041048            1e6           1.5             nan            nan               nan               nan    0        0
993995.2        0.6653733        891363        0.7359721              nan             nan             nan           nan                  nan               nan    0        0
    1e6           1.5             1e6           1.5             nan              nan            nan            nan                 nan              nan    1e6        0
                                                                        
                                                                        
                                                                        
                                                                        
                                                                        
                                                                        
                                                                        
                                                                        
